pac0,[ps=true;customSource=https://azpspackage.blob.core.windows.net/docs-release/Az.Accounts.3.0.0.nupkg;sourceType=sa]Az.Accounts,3.0.0
pac1,[ps=true;customSource=https://azpspackage.blob.core.windows.net/docs-release/Az.ADDomainServices.0.2.1.nupkg;sourceType=sa]Az.ADDomainServices,0.2.1
pac2,[ps=true;customSource=https://azpspackage.blob.core.windows.net/docs-release/Az.Advisor.2.0.1.nupkg;sourceType=sa]Az.Advisor,2.0.1
pac3,[ps=true;customSource=https://azpspackage.blob.core.windows.net/docs-release/Az.Aks.6.0.3.nupkg;sourceType=sa]Az.Aks,6.0.3
pac4,[ps=true;customSource=https://azpspackage.blob.core.windows.net/docs-release/Az.AksArc.0.1.0.nupkg;sourceType=sa]Az.AksArc,0.1.0
pac5,[ps=true;customSource=https://azpspackage.blob.core.windows.net/docs-release/Az.Alb.0.1.3.nupkg;sourceType=sa]Az.Alb,0.1.3
pac6,[ps=true;customSource=https://azpspackage.blob.core.windows.net/docs-release/Az.AlertsManagement.0.6.2.nupkg;sourceType=sa]Az.AlertsManagement,0.6.2
pac7,[ps=true;customSource=https://azpspackage.blob.core.windows.net/docs-release/Az.AnalysisServices.1.1.5.nupkg;sourceType=sa]Az.AnalysisServices,1.1.5
pac8,[ps=true;customSource=https://azpspackage.blob.core.windows.net/docs-release/Az.ApiManagement.4.0.3.nupkg;sourceType=sa]Az.ApiManagement,4.0.3
pac9,[ps=true;customSource=https://azpspackage.blob.core.windows.net/docs-release/Az.App.1.0.0.nupkg;sourceType=sa]Az.App,1.0.0
pac10,[ps=true;customSource=https://azpspackage.blob.core.windows.net/docs-release/Az.AppConfiguration.1.3.1.nupkg;sourceType=sa]Az.AppConfiguration,1.3.1
pac11,[ps=true;customSource=https://azpspackage.blob.core.windows.net/docs-release/Az.ApplicationInsights.2.2.5.nupkg;sourceType=sa]Az.ApplicationInsights,2.2.5
pac12,[ps=true;customSource=https://azpspackage.blob.core.windows.net/docs-release/Az.ArcResourceBridge.1.0.1.nupkg;sourceType=sa]Az.ArcResourceBridge,1.0.1
pac13,[ps=true;customSource=https://azpspackage.blob.core.windows.net/docs-release/Az.Attestation.2.0.2.nupkg;sourceType=sa]Az.Attestation,2.0.2
pac14,[ps=true;customSource=https://azpspackage.blob.core.windows.net/docs-release/Az.Automanage.1.0.1.nupkg;sourceType=sa]Az.Automanage,1.0.1
pac15,[ps=true;customSource=https://azpspackage.blob.core.windows.net/docs-release/Az.Automation.1.10.0.nupkg;sourceType=sa]Az.Automation,1.10.0
pac16,[ps=true;customSource=https://azpspackage.blob.core.windows.net/docs-release/Az.BareMetal.0.1.1.nupkg;sourceType=sa]Az.BareMetal,0.1.1
pac17,[ps=true;customSource=https://azpspackage.blob.core.windows.net/docs-release/Az.Batch.3.6.1.nupkg;sourceType=sa]Az.Batch,3.6.1
pac18,[ps=true;customSource=https://azpspackage.blob.core.windows.net/docs-release/Az.Billing.2.0.4.nupkg;sourceType=sa]Az.Billing,2.0.4
pac19,[ps=true;customSource=https://azpspackage.blob.core.windows.net/docs-release/Az.BillingBenefits.0.1.1.nupkg;sourceType=sa]Az.BillingBenefits,0.1.1
pac20,[ps=true;customSource=https://azpspackage.blob.core.windows.net/docs-release/Az.Blueprint.0.4.3.nupkg;sourceType=sa]Az.Blueprint,0.4.3
pac21,[ps=true;customSource=https://azpspackage.blob.core.windows.net/docs-release/Az.BotService.0.5.1.nupkg;sourceType=sa]Az.BotService,0.5.1
pac22,[ps=true;customSource=https://azpspackage.blob.core.windows.net/docs-release/Az.Cdn.3.2.0.nupkg;sourceType=sa]Az.Cdn,3.2.0
pac23,[ps=true;customSource=https://azpspackage.blob.core.windows.net/docs-release/Az.ChangeAnalysis.0.1.1.nupkg;sourceType=sa]Az.ChangeAnalysis,0.1.1
pac24,[ps=true;customSource=https://azpspackage.blob.core.windows.net/docs-release/Az.Chaos.0.1.0.nupkg;sourceType=sa]Az.Chaos,0.1.0
pac25,[ps=true;customSource=https://azpspackage.blob.core.windows.net/docs-release/Az.CloudService.2.0.1.nupkg;sourceType=sa]Az.CloudService,2.0.1
pac26,[ps=true;customSource=https://azpspackage.blob.core.windows.net/docs-release/Az.CodeSigning.0.1.1.nupkg;sourceType=sa]Az.CodeSigning,0.1.1
pac27,[ps=true;customSource=https://azpspackage.blob.core.windows.net/docs-release/Az.CognitiveServices.1.14.1.nupkg;sourceType=sa]Az.CognitiveServices,1.14.1
pac28,[ps=true;customSource=https://azpspackage.blob.core.windows.net/docs-release/Az.Communication.0.3.1.nupkg;sourceType=sa]Az.Communication,0.3.1
pac29,[ps=true;customSource=https://azpspackage.blob.core.windows.net/docs-release/Az.Compute.8.0.0.nupkg;sourceType=sa]Az.Compute,8.0.0
pac30,[ps=true;customSource=https://azpspackage.blob.core.windows.net/docs-release/Az.ConfidentialLedger.1.0.1.nupkg;sourceType=sa]Az.ConfidentialLedger,1.0.1
pac31,[ps=true;customSource=https://azpspackage.blob.core.windows.net/docs-release/Az.Confluent.0.2.1.nupkg;sourceType=sa]Az.Confluent,0.2.1
pac32,[ps=true;customSource=https://azpspackage.blob.core.windows.net/docs-release/Az.ConnectedKubernetes.0.10.2.nupkg;sourceType=sa]Az.ConnectedKubernetes,0.10.2
pac33,[ps=true;customSource=https://azpspackage.blob.core.windows.net/docs-release/Az.ConnectedMachine.0.7.2.nupkg;sourceType=sa]Az.ConnectedMachine,0.7.2
pac34,[ps=true;customSource=https://azpspackage.blob.core.windows.net/docs-release/Az.ConnectedNetwork.0.1.1.nupkg;sourceType=sa]Az.ConnectedNetwork,0.1.1
pac35,[ps=true;customSource=https://azpspackage.blob.core.windows.net/docs-release/Az.ConnectedVMware.0.1.2.nupkg;sourceType=sa]Az.ConnectedVMware,0.1.2
pac36,[ps=true;customSource=https://azpspackage.blob.core.windows.net/docs-release/Az.ContainerInstance.4.0.1.nupkg;sourceType=sa]Az.ContainerInstance,4.0.1
pac37,[ps=true;customSource=https://azpspackage.blob.core.windows.net/docs-release/Az.ContainerRegistry.4.2.1.nupkg;sourceType=sa]Az.ContainerRegistry,4.2.1
pac38,[ps=true;customSource=https://azpspackage.blob.core.windows.net/docs-release/Az.CosmosDB.1.14.3.nupkg;sourceType=sa]Az.CosmosDB,1.14.3
pac39,[ps=true;customSource=https://azpspackage.blob.core.windows.net/docs-release/Az.CostManagement.0.3.2.nupkg;sourceType=sa]Az.CostManagement,0.3.2
pac40,[ps=true;customSource=https://azpspackage.blob.core.windows.net/docs-release/Az.CustomLocation.0.2.0.nupkg;sourceType=sa]Az.CustomLocation,0.2.0
pac41,[ps=true;customSource=https://azpspackage.blob.core.windows.net/docs-release/Az.CustomProviders.0.1.1.nupkg;sourceType=sa]Az.CustomProviders,0.1.1
pac42,[ps=true;customSource=https://azpspackage.blob.core.windows.net/docs-release/Az.Dashboard.0.1.2.nupkg;sourceType=sa]Az.Dashboard,0.1.2
pac43,[ps=true;customSource=https://azpspackage.blob.core.windows.net/docs-release/Az.DataBox.0.3.1.nupkg;sourceType=sa]Az.DataBox,0.3.1
pac44,[ps=true;customSource=https://azpspackage.blob.core.windows.net/docs-release/Az.DataBoxEdge.1.1.1.nupkg;sourceType=sa]Az.DataBoxEdge,1.1.1
pac45,[ps=true;customSource=https://azpspackage.blob.core.windows.net/docs-release/Az.Databricks.1.7.2.nupkg;sourceType=sa]Az.Databricks,1.7.2
pac46,[ps=true;customSource=https://azpspackage.blob.core.windows.net/docs-release/Az.Datadog.0.1.1.nupkg;sourceType=sa]Az.Datadog,0.1.1
pac47,[ps=true;customSource=https://azpspackage.blob.core.windows.net/docs-release/Az.DataFactory.1.18.4.nupkg;sourceType=sa]Az.DataFactory,1.18.4
pac48,[ps=true;customSource=https://azpspackage.blob.core.windows.net/docs-release/Az.DataLakeAnalytics.1.0.3.nupkg;sourceType=sa]Az.DataLakeAnalytics,1.0.3
pac49,[ps=true;customSource=https://azpspackage.blob.core.windows.net/docs-release/Az.DataLakeStore.1.3.1.nupkg;sourceType=sa]Az.DataLakeStore,1.3.1
pac50,[ps=true;customSource=https://azpspackage.blob.core.windows.net/docs-release/Az.DataMigration.0.14.6.nupkg;sourceType=sa]Az.DataMigration,0.14.6
pac51,[ps=true;customSource=https://azpspackage.blob.core.windows.net/docs-release/Az.DataProtection.2.4.0.nupkg;sourceType=sa]Az.DataProtection,2.4.0
pac52,[ps=true;customSource=https://azpspackage.blob.core.windows.net/docs-release/Az.DataShare.1.0.2.nupkg;sourceType=sa]Az.DataShare,1.0.2
pac53,[ps=true;customSource=https://azpspackage.blob.core.windows.net/docs-release/Az.DedicatedHsm.0.3.1.nupkg;sourceType=sa]Az.DedicatedHsm,0.3.1
pac54,[ps=true;customSource=https://azpspackage.blob.core.windows.net/docs-release/Az.DesktopVirtualization.4.3.1.nupkg;sourceType=sa]Az.DesktopVirtualization,4.3.1
pac55,[ps=true;customSource=https://azpspackage.blob.core.windows.net/docs-release/Az.DevCenter.1.1.1.nupkg;sourceType=sa]Az.DevCenter,1.1.1
pac56,[ps=true;customSource=https://azpspackage.blob.core.windows.net/docs-release/Az.DeviceProvisioningServices.0.10.1.nupkg;sourceType=sa]Az.DeviceProvisioningServices,0.10.1
pac57,[ps=true;customSource=https://azpspackage.blob.core.windows.net/docs-release/Az.DeviceUpdate.0.1.1.nupkg;sourceType=sa]Az.DeviceUpdate,0.1.1
pac58,[ps=true;customSource=https://azpspackage.blob.core.windows.net/docs-release/Az.DevTestLabs.1.0.3.nupkg;sourceType=sa]Az.DevTestLabs,1.0.3
pac59,[ps=true;customSource=https://azpspackage.blob.core.windows.net/docs-release/Az.DigitalTwins.0.2.1.nupkg;sourceType=sa]Az.DigitalTwins,0.2.1
pac60,[ps=true;customSource=https://azpspackage.blob.core.windows.net/docs-release/Az.DiskPool.0.3.1.nupkg;sourceType=sa]Az.DiskPool,0.3.1
pac61,[ps=true;customSource=https://azpspackage.blob.core.windows.net/docs-release/Az.Dns.1.2.1.nupkg;sourceType=sa]Az.Dns,1.2.1
pac62,[ps=true;customSource=https://azpspackage.blob.core.windows.net/docs-release/Az.DnsResolver.1.0.0.nupkg;sourceType=sa]Az.DnsResolver,1.0.0
pac63,[ps=true;customSource=https://azpspackage.blob.core.windows.net/docs-release/Az.DynatraceObservability.0.1.1.nupkg;sourceType=sa]Az.DynatraceObservability,0.1.1
pac64,[ps=true;customSource=https://azpspackage.blob.core.windows.net/docs-release/Az.EdgeOrder.0.1.1.nupkg;sourceType=sa]Az.EdgeOrder,0.1.1
pac65,[ps=true;customSource=https://azpspackage.blob.core.windows.net/docs-release/Az.EdgeZones.0.1.1.nupkg;sourceType=sa]Az.EdgeZones,0.1.1
pac66,[ps=true;customSource=https://azpspackage.blob.core.windows.net/docs-release/Az.Elastic.0.1.1.nupkg;sourceType=sa]Az.Elastic,0.1.1
pac67,[ps=true;customSource=https://azpspackage.blob.core.windows.net/docs-release/Az.ElasticSan.1.0.2.nupkg;sourceType=sa]Az.ElasticSan,1.0.2
pac68,[ps=true;customSource=https://azpspackage.blob.core.windows.net/docs-release/Az.EventGrid.2.0.0.nupkg;sourceType=sa]Az.EventGrid,2.0.0
pac69,[ps=true;customSource=https://azpspackage.blob.core.windows.net/docs-release/Az.EventHub.5.0.0.nupkg;sourceType=sa]Az.EventHub,5.0.0
pac70,[ps=true;customSource=https://azpspackage.blob.core.windows.net/docs-release/Az.FirmwareAnalysis.0.1.3.nupkg;sourceType=sa]Az.FirmwareAnalysis,0.1.3
pac71,[ps=true;customSource=https://azpspackage.blob.core.windows.net/docs-release/Az.Fleet.0.2.1.nupkg;sourceType=sa]Az.Fleet,0.2.1
pac72,[ps=true;customSource=https://azpspackage.blob.core.windows.net/docs-release/Az.FluidRelay.0.1.1.nupkg;sourceType=sa]Az.FluidRelay,0.1.1
pac73,[ps=true;customSource=https://azpspackage.blob.core.windows.net/docs-release/Az.FrontDoor.1.11.0.nupkg;sourceType=sa]Az.FrontDoor,1.11.0
pac74,[ps=true;customSource=https://azpspackage.blob.core.windows.net/docs-release/Az.Functions.4.0.8.nupkg;sourceType=sa]Az.Functions,4.0.8
pac75,[ps=true;customSource=https://azpspackage.blob.core.windows.net/docs-release/Az.GraphServices.0.1.1.nupkg;sourceType=sa]Az.GraphServices,0.1.1
pac76,[ps=true;customSource=https://azpspackage.blob.core.windows.net/docs-release/Az.GuestConfiguration.0.11.1.nupkg;sourceType=sa]Az.GuestConfiguration,0.11.1
pac77,[ps=true;customSource=https://azpspackage.blob.core.windows.net/docs-release/Az.HanaOnAzure.0.3.1.nupkg;sourceType=sa]Az.HanaOnAzure,0.3.1
pac78,[ps=true;customSource=https://azpspackage.blob.core.windows.net/docs-release/Az.HDInsight.6.1.0.nupkg;sourceType=sa]Az.HDInsight,6.1.0
pac79,[ps=true;customSource=https://azpspackage.blob.core.windows.net/docs-release/Az.HdInsightOnAks.0.1.2.nupkg;sourceType=sa]Az.HdInsightOnAks,0.1.2
pac80,[ps=true;customSource=https://azpspackage.blob.core.windows.net/docs-release/Az.HealthBot.0.1.1.nupkg;sourceType=sa]Az.HealthBot,0.1.1
pac81,[ps=true;customSource=https://azpspackage.blob.core.windows.net/docs-release/Az.HealthcareApis.2.0.1.nupkg;sourceType=sa]Az.HealthcareApis,2.0.1
pac82,[ps=true;customSource=https://azpspackage.blob.core.windows.net/docs-release/Az.HPCCache.0.1.2.nupkg;sourceType=sa]Az.HPCCache,0.1.2
pac83,[ps=true;customSource=https://azpspackage.blob.core.windows.net/docs-release/Az.ImageBuilder.0.4.1.nupkg;sourceType=sa]Az.ImageBuilder,0.4.1
pac84,[ps=true;customSource=https://azpspackage.blob.core.windows.net/docs-release/Az.ImportExport.0.2.1.nupkg;sourceType=sa]Az.ImportExport,0.2.1
pac85,[ps=true;customSource=https://azpspackage.blob.core.windows.net/docs-release/Az.IotCentral.0.10.1.nupkg;sourceType=sa]Az.IotCentral,0.10.1
pac86,[ps=true;customSource=https://azpspackage.blob.core.windows.net/docs-release/Az.IotHub.2.7.6.nupkg;sourceType=sa]Az.IotHub,2.7.6
pac87,[ps=true;customSource=https://azpspackage.blob.core.windows.net/docs-release/Az.KeyVault.6.0.0.nupkg;sourceType=sa]Az.KeyVault,6.0.0
pac88,[ps=true;customSource=https://azpspackage.blob.core.windows.net/docs-release/Az.KubernetesConfiguration.0.7.2.nupkg;sourceType=sa]Az.KubernetesConfiguration,0.7.2
pac89,[ps=true;customSource=https://azpspackage.blob.core.windows.net/docs-release/Az.Kusto.2.3.1.nupkg;sourceType=sa]Az.Kusto,2.3.1
pac90,[ps=true;customSource=https://azpspackage.blob.core.windows.net/docs-release/Az.LabServices.0.1.1.nupkg;sourceType=sa]Az.LabServices,0.1.1
pac91,[ps=true;customSource=https://azpspackage.blob.core.windows.net/docs-release/Az.LoadTesting.1.0.1.nupkg;sourceType=sa]Az.LoadTesting,1.0.1
pac92,[ps=true;customSource=https://azpspackage.blob.core.windows.net/docs-release/Az.LogicApp.1.5.1.nupkg;sourceType=sa]Az.LogicApp,1.5.1
pac93,[ps=true;customSource=https://azpspackage.blob.core.windows.net/docs-release/Az.Logz.0.1.1.nupkg;sourceType=sa]Az.Logz,0.1.1
pac94,[ps=true;customSource=https://azpspackage.blob.core.windows.net/docs-release/Az.MachineLearning.1.1.4.nupkg;sourceType=sa]Az.MachineLearning,1.1.4
pac95,[ps=true;customSource=https://azpspackage.blob.core.windows.net/docs-release/Az.MachineLearningServices.1.0.1.nupkg;sourceType=sa]Az.MachineLearningServices,1.0.1
pac96,[ps=true;customSource=https://azpspackage.blob.core.windows.net/docs-release/Az.Maintenance.1.4.1.nupkg;sourceType=sa]Az.Maintenance,1.4.1
pac97,[ps=true;customSource=https://azpspackage.blob.core.windows.net/docs-release/Az.ManagedNetworkFabric.0.1.2.nupkg;sourceType=sa]Az.ManagedNetworkFabric,0.1.2
pac98,[ps=true;customSource=https://azpspackage.blob.core.windows.net/docs-release/Az.ManagedServiceIdentity.1.2.1.nupkg;sourceType=sa]Az.ManagedServiceIdentity,1.2.1
pac99,[ps=true;customSource=https://azpspackage.blob.core.windows.net/docs-release/Az.ManagedServices.3.0.1.nupkg;sourceType=sa]Az.ManagedServices,3.0.1
pac100,[ps=true;customSource=https://azpspackage.blob.core.windows.net/docs-release/Az.ManagementPartner.0.7.3.nupkg;sourceType=sa]Az.ManagementPartner,0.7.3
pac101,[ps=true;customSource=https://azpspackage.blob.core.windows.net/docs-release/Az.Maps.0.8.1.nupkg;sourceType=sa]Az.Maps,0.8.1
pac102,[ps=true;customSource=https://azpspackage.blob.core.windows.net/docs-release/Az.MariaDb.0.2.2.nupkg;sourceType=sa]Az.MariaDb,0.2.2
pac103,[ps=true;customSource=https://azpspackage.blob.core.windows.net/docs-release/Az.Marketplace.0.5.0.nupkg;sourceType=sa]Az.Marketplace,0.5.0
pac104,[ps=true;customSource=https://azpspackage.blob.core.windows.net/docs-release/Az.MarketplaceOrdering.2.0.1.nupkg;sourceType=sa]Az.MarketplaceOrdering,2.0.1
pac105,[ps=true;customSource=https://azpspackage.blob.core.windows.net/docs-release/Az.Media.1.1.2.nupkg;sourceType=sa]Az.Media,1.1.2
pac106,[ps=true;customSource=https://azpspackage.blob.core.windows.net/docs-release/Az.Migrate.2.3.1.nupkg;sourceType=sa]Az.Migrate,2.3.1
pac107,[ps=true;customSource=https://azpspackage.blob.core.windows.net/docs-release/Az.MixedReality.0.2.1.nupkg;sourceType=sa]Az.MixedReality,0.2.1
pac108,[ps=true;customSource=https://azpspackage.blob.core.windows.net/docs-release/Az.MobileNetwork.0.4.1.nupkg;sourceType=sa]Az.MobileNetwork,0.4.1
pac109,[ps=true;customSource=https://azpspackage.blob.core.windows.net/docs-release/Az.Monitor.5.2.1.nupkg;sourceType=sa]Az.Monitor,5.2.1
pac110,[ps=true;customSource=https://azpspackage.blob.core.windows.net/docs-release/Az.MonitoringSolutions.0.1.1.nupkg;sourceType=sa]Az.MonitoringSolutions,0.1.1
pac111,[ps=true;customSource=https://azpspackage.blob.core.windows.net/docs-release/Az.MySql.1.1.2.nupkg;sourceType=sa]Az.MySql,1.1.2
pac112,[ps=true;customSource=https://azpspackage.blob.core.windows.net/docs-release/Az.NetAppFiles.0.15.2.nupkg;sourceType=sa]Az.NetAppFiles,0.15.2
pac113,[ps=true;customSource=https://azpspackage.blob.core.windows.net/docs-release/Az.Network.7.6.0.nupkg;sourceType=sa]Az.Network,7.6.0
pac114,[ps=true;customSource=https://azpspackage.blob.core.windows.net/docs-release/Az.NetworkAnalytics.0.1.1.nupkg;sourceType=sa]Az.NetworkAnalytics,0.1.1
pac115,[ps=true;customSource=https://azpspackage.blob.core.windows.net/docs-release/Az.NetworkCloud.1.0.1.nupkg;sourceType=sa]Az.NetworkCloud,1.0.1
pac116,[ps=true;customSource=https://azpspackage.blob.core.windows.net/docs-release/Az.NetworkFunction.0.1.4.nupkg;sourceType=sa]Az.NetworkFunction,0.1.4
pac117,[ps=true;customSource=https://azpspackage.blob.core.windows.net/docs-release/Az.NewRelic.0.1.1.nupkg;sourceType=sa]Az.NewRelic,0.1.1
pac118,[ps=true;customSource=https://azpspackage.blob.core.windows.net/docs-release/Az.Nginx.1.0.1.nupkg;sourceType=sa]Az.Nginx,1.0.1
pac119,[ps=true;customSource=https://azpspackage.blob.core.windows.net/docs-release/Az.NotificationHubs.1.1.2.nupkg;sourceType=sa]Az.NotificationHubs,1.1.2
pac120,[ps=true;customSource=https://azpspackage.blob.core.windows.net/docs-release/Az.OperationalInsights.3.2.1.nupkg;sourceType=sa]Az.OperationalInsights,3.2.1
pac121,[ps=true;customSource=https://azpspackage.blob.core.windows.net/docs-release/Az.Orbital.0.1.2.nupkg;sourceType=sa]Az.Orbital,0.1.2
pac122,[ps=true;customSource=https://azpspackage.blob.core.windows.net/docs-release/Az.PaloAltoNetworks.0.2.3.nupkg;sourceType=sa]Az.PaloAltoNetworks,0.2.3
pac123,[ps=true;customSource=https://azpspackage.blob.core.windows.net/docs-release/Az.Peering.0.4.1.nupkg;sourceType=sa]Az.Peering,0.4.1
pac124,[ps=true;customSource=https://azpspackage.blob.core.windows.net/docs-release/Az.PolicyInsights.1.6.5.nupkg;sourceType=sa]Az.PolicyInsights,1.6.5
pac125,[ps=true;customSource=https://azpspackage.blob.core.windows.net/docs-release/Az.Portal.0.2.0.nupkg;sourceType=sa]Az.Portal,0.2.0
pac126,[ps=true;customSource=https://azpspackage.blob.core.windows.net/docs-release/Az.PostgreSql.1.1.1.nupkg;sourceType=sa]Az.PostgreSql,1.1.1
pac127,[ps=true;customSource=https://azpspackage.blob.core.windows.net/docs-release/Az.PowerBIEmbedded.2.0.0.nupkg;sourceType=sa]Az.PowerBIEmbedded,2.0.0
pac128,[ps=true;customSource=https://azpspackage.blob.core.windows.net/docs-release/Az.PrivateDns.1.0.5.nupkg;sourceType=sa]Az.PrivateDns,1.0.5
pac129,[ps=true;customSource=https://azpspackage.blob.core.windows.net/docs-release/Az.ProviderHub.0.3.0.nupkg;sourceType=sa]Az.ProviderHub,0.3.0
pac130,[ps=true;customSource=https://azpspackage.blob.core.windows.net/docs-release/Az.Purview.0.2.1.nupkg;sourceType=sa]Az.Purview,0.2.1
pac131,[ps=true;customSource=https://azpspackage.blob.core.windows.net/docs-release/Az.Quantum.0.1.1.nupkg;sourceType=sa]Az.Quantum,0.1.1
pac132,[ps=true;customSource=https://azpspackage.blob.core.windows.net/docs-release/Az.Qumulo.0.1.1.nupkg;sourceType=sa]Az.Qumulo,0.1.1
pac133,[ps=true;customSource=https://azpspackage.blob.core.windows.net/docs-release/Az.Quota.0.1.2.nupkg;sourceType=sa]Az.Quota,0.1.2
pac134,[ps=true;customSource=https://azpspackage.blob.core.windows.net/docs-release/Az.RecoveryServices.7.0.0.nupkg;sourceType=sa]Az.RecoveryServices,7.0.0
pac135,[ps=true;customSource=https://azpspackage.blob.core.windows.net/docs-release/Az.RedisCache.1.9.1.nupkg;sourceType=sa]Az.RedisCache,1.9.1
pac136,[ps=true;customSource=https://azpspackage.blob.core.windows.net/docs-release/Az.RedisEnterpriseCache.1.2.1.nupkg;sourceType=sa]Az.RedisEnterpriseCache,1.2.1
pac137,[ps=true;customSource=https://azpspackage.blob.core.windows.net/docs-release/Az.Relay.2.0.1.nupkg;sourceType=sa]Az.Relay,2.0.1
pac138,[ps=true;customSource=https://azpspackage.blob.core.windows.net/docs-release/Az.Reservations.0.13.0.nupkg;sourceType=sa]Az.Reservations,0.13.0
pac139,[ps=true;customSource=https://azpspackage.blob.core.windows.net/docs-release/Az.ResourceGraph.1.0.0.nupkg;sourceType=sa]Az.ResourceGraph,1.0.0
pac140,[ps=true;customSource=https://azpspackage.blob.core.windows.net/docs-release/Az.ResourceMover.1.2.1.nupkg;sourceType=sa]Az.ResourceMover,1.2.1
pac141,[ps=true;customSource=https://azpspackage.blob.core.windows.net/docs-release/Az.Resources.7.1.0.nupkg;sourceType=sa]Az.Resources,7.1.0
pac142,[ps=true;customSource=https://azpspackage.blob.core.windows.net/docs-release/Az.Search.0.10.0.nupkg;sourceType=sa]Az.Search,0.10.0
pac143,[ps=true;customSource=https://azpspackage.blob.core.windows.net/docs-release/Az.Security.1.6.2.nupkg;sourceType=sa]Az.Security,1.6.2
pac144,[ps=true;customSource=https://azpspackage.blob.core.windows.net/docs-release/Az.SecurityInsights.3.1.2.nupkg;sourceType=sa]Az.SecurityInsights,3.1.2
pac145,[ps=true;customSource=https://azpspackage.blob.core.windows.net/docs-release/Az.SelfHelp.0.2.0.nupkg;sourceType=sa]Az.SelfHelp,0.2.0
pac146,[ps=true;customSource=https://azpspackage.blob.core.windows.net/docs-release/Az.ServiceBus.4.0.0.nupkg;sourceType=sa]Az.ServiceBus,4.0.0
pac147,[ps=true;customSource=https://azpspackage.blob.core.windows.net/docs-release/Az.ServiceFabric.3.3.3.nupkg;sourceType=sa]Az.ServiceFabric,3.3.3
pac148,[ps=true;customSource=https://azpspackage.blob.core.windows.net/docs-release/Az.ServiceLinker.0.2.1.nupkg;sourceType=sa]Az.ServiceLinker,0.2.1
pac149,[ps=true;customSource=https://azpspackage.blob.core.windows.net/docs-release/Az.SignalR.2.0.1.nupkg;sourceType=sa]Az.SignalR,2.0.1
pac150,[ps=true;customSource=https://azpspackage.blob.core.windows.net/docs-release/Az.Sphere.0.1.1.nupkg;sourceType=sa]Az.Sphere,0.1.1
pac151,[ps=true;customSource=https://azpspackage.blob.core.windows.net/docs-release/Az.SpringCloud.0.3.1.nupkg;sourceType=sa]Az.SpringCloud,0.3.1
pac152,[ps=true;customSource=https://azpspackage.blob.core.windows.net/docs-release/Az.Sql.5.0.0.nupkg;sourceType=sa]Az.Sql,5.0.0
pac153,[ps=true;customSource=https://azpspackage.blob.core.windows.net/docs-release/Az.SqlVirtualMachine.2.2.1.nupkg;sourceType=sa]Az.SqlVirtualMachine,2.2.1
pac154,[ps=true;customSource=https://azpspackage.blob.core.windows.net/docs-release/Az.Ssh.0.2.1.nupkg;sourceType=sa]Az.Ssh,0.2.1
pac155,[ps=true;customSource=https://azpspackage.blob.core.windows.net/docs-release/Az.StackHCI.2.3.2.nupkg;sourceType=sa]Az.StackHCI,2.3.2
pac156,[ps=true;customSource=https://azpspackage.blob.core.windows.net/docs-release/Az.StackHCIVM.1.0.4.nupkg;sourceType=sa]Az.StackHCIVM,1.0.4
pac157,[ps=true;customSource=https://azpspackage.blob.core.windows.net/docs-release/Az.StandbyPool.0.1.1.nupkg;sourceType=sa]Az.StandbyPool,0.1.1
pac158,[ps=true;customSource=https://azpspackage.blob.core.windows.net/docs-release/Az.Storage.7.0.0.nupkg;sourceType=sa]Az.Storage,7.0.0
pac159,[ps=true;customSource=https://azpspackage.blob.core.windows.net/docs-release/Az.StorageAction.0.1.0.nupkg;sourceType=sa]Az.StorageAction,0.1.0
pac160,[ps=true;customSource=https://azpspackage.blob.core.windows.net/docs-release/Az.StorageCache.0.1.1.nupkg;sourceType=sa]Az.StorageCache,0.1.1
pac161,[ps=true;customSource=https://azpspackage.blob.core.windows.net/docs-release/Az.StorageMover.1.3.1.nupkg;sourceType=sa]Az.StorageMover,1.3.1
pac162,[ps=true;customSource=https://azpspackage.blob.core.windows.net/docs-release/Az.StorageSync.2.1.1.nupkg;sourceType=sa]Az.StorageSync,2.1.1
pac163,[ps=true;customSource=https://azpspackage.blob.core.windows.net/docs-release/Az.StreamAnalytics.2.0.1.nupkg;sourceType=sa]Az.StreamAnalytics,2.0.1
pac164,[ps=true;customSource=https://azpspackage.blob.core.windows.net/docs-release/Az.Subscription.0.11.1.nupkg;sourceType=sa]Az.Subscription,0.11.1
pac165,[ps=true;customSource=https://azpspackage.blob.core.windows.net/docs-release/Az.Support.2.0.0.nupkg;sourceType=sa]Az.Support,2.0.0
pac166,[ps=true;customSource=https://azpspackage.blob.core.windows.net/docs-release/Az.Synapse.3.0.8.nupkg;sourceType=sa]Az.Synapse,3.0.8
pac167,[ps=true;customSource=https://azpspackage.blob.core.windows.net/docs-release/Az.TimeSeriesInsights.0.2.1.nupkg;sourceType=sa]Az.TimeSeriesInsights,0.2.1
pac168,[ps=true;customSource=https://azpspackage.blob.core.windows.net/docs-release/Az.TrafficManager.1.2.2.nupkg;sourceType=sa]Az.TrafficManager,1.2.2
pac169,[ps=true;customSource=https://azpspackage.blob.core.windows.net/docs-release/Az.VMware.0.6.2.nupkg;sourceType=sa]Az.VMware,0.6.2
pac170,[ps=true;customSource=https://azpspackage.blob.core.windows.net/docs-release/Az.VoiceServices.0.1.2.nupkg;sourceType=sa]Az.VoiceServices,0.1.2
pac171,[ps=true;customSource=https://azpspackage.blob.core.windows.net/docs-release/Az.Websites.3.2.1.nupkg;sourceType=sa]Az.Websites,3.2.1
pac172,[ps=true;customSource=https://azpspackage.blob.core.windows.net/docs-release/Az.WindowsIotServices.0.1.1.nupkg;sourceType=sa]Az.WindowsIotServices,0.1.1
pac173,[ps=true;customSource=https://azpspackage.blob.core.windows.net/docs-release/Az.Workloads.0.1.2.nupkg;sourceType=sa]Az.Workloads,0.1.2

